        TIME,    TIDE,      OB,   SURGE,    BIAS,     TWL,SURGE90p,  TWL90p,SURGE10p,   TWL10p
202605080000,   4.924,   4.877,   0.300,  -0.347,   4.877,   0.300,   4.877,   0.400,   4.977
202605080006,   4.827,9999.000,9999.000,9999.000,9999.000,9999.000,9999.000,9999.000,9999.000
202605080012,   4.726,   4.677,9999.000,9999.000,9999.000,9999.000,9999.000,9999.000,9999.000
202605080018,   4.621,9999.000,9999.000,9999.000,9999.000,9999.000,9999.000,9999.000,9999.000
202605080024,   4.513,   4.467,9999.000,9999.000,9999.000,9999.000,9999.000,9999.000,9999.000
202605080030,   4.402,9999.000,9999.000,9999.000,9999.000,9999.000,9999.000,9999.000,9999.000
202605080036,   4.289,   4.247,9999.000,9999.000,9999.000,9999.000,9999.000,9999.000,9999.000
202605080042,   4.175,9999.000,9999.000,9999.000,9999.000,9999.000,9999.000,9999.000,9999.000
202605080048,   4.058,   4.057,9999.000,9999.000,9999.000,9999.000,9999.000,9999.000,9999.000
202605080054,   3.941,9999.000,9999.000,9999.000,9999.000,9999.000,9999.000,9999.000,9999.000
202605080100,   3.823,   3.870,   0.400,  -0.353,   3.870,   0.300,   3.770,   0.400,   3.870
202605080106,   3.705,   3.778,9999.000,9999.000,9999.000,9999.000,9999.000,9999.000,9999.000
202605080112,   3.586,   3.680,9999.000,9999.000,9999.000,9999.000,9999.000,9999.000,9999.000
202605080118,   3.468,   3.578,9999.000,9999.000,9999.000,9999.000,9999.000,9999.000,9999.000
202605080124,   3.350,   3.480,9999.000,9999.000,9999.000,9999.000,9999.000,9999.000,9999.000
202605080130,   3.232,   3.358,9999.000,9999.000,9999.000,9999.000,9999.000,9999.000,9999.000
202605080136,   3.115,   3.279,9999.000,9999.000,9999.000,9999.000,9999.000,9999.000,9999.000
202605080142,   2.999,   3.197,9999.000,9999.000,9999.000,9999.000,9999.000,9999.000,9999.000
202605080148,   2.885,   3.089,9999.000,9999.000,9999.000,9999.000,9999.000,9999.000,9999.000
202605080154,   2.772,   2.997,9999.000,9999.000,9999.000,9999.000,9999.000,9999.000,9999.000
202605080200,   2.660,   2.899,   0.400,  -0.161,   2.899,   0.300,   2.799,   0.400,   2.899
202605080206,   2.551,   2.797,9999.000,9999.000,9999.000,9999.000,9999.000,9999.000,9999.000
202605080212,   2.443,   2.709,9999.000,9999.000,9999.000,9999.000,9999.000,9999.000,9999.000
202605080218,   2.338,   2.610,9999.000,9999.000,9999.000,9999.000,9999.000,9999.000,9999.000
202605080224,   2.236,   2.499,9999.000,9999.000,9999.000,9999.000,9999.000,9999.000,9999.000
202605080230,   2.137,   2.400,9999.000,9999.000,9999.000,9999.000,9999.000,9999.000,9999.000
202605080236,   2.041,   2.299,9999.000,9999.000,9999.000,9999.000,9999.000,9999.000,9999.000
202605080242,   1.948,   2.210,9999.000,9999.000,9999.000,9999.000,9999.000,9999.000,9999.000
202605080248,   1.859,   2.109,9999.000,9999.000,9999.000,9999.000,9999.000,9999.000,9999.000
202605080254,   1.774,   2.000,9999.000,9999.000,9999.000,9999.000,9999.000,9999.000,9999.000
202605080300,   1.692,   1.908,   0.400,  -0.184,   1.908,   0.400,   1.908,   0.500,   2.008
202605080306,   1.615,   1.820,9999.000,9999.000,9999.000,9999.000,9999.000,9999.000,9999.000
202605080312,   1.541,   1.728,9999.000,9999.000,9999.000,9999.000,9999.000,9999.000,9999.000
202605080318,   1.472,   1.669,9999.000,9999.000,9999.000,9999.000,9999.000,9999.000,9999.000
202605080324,   1.407,   1.590,9999.000,9999.000,9999.000,9999.000,9999.000,9999.000,9999.000
202605080330,   1.346,   1.518,9999.000,9999.000,9999.000,9999.000,9999.000,9999.000,9999.000
202605080336,   1.288,   1.439,9999.000,9999.000,9999.000,9999.000,9999.000,9999.000,9999.000
202605080342,   1.235,   1.348,9999.000,9999.000,9999.000,9999.000,9999.000,9999.000,9999.000
202605080348,   1.186,   1.269,9999.000,9999.000,9999.000,9999.000,9999.000,9999.000,9999.000
202605080354,   1.140,   1.200,9999.000,9999.000,9999.000,9999.000,9999.000,9999.000,9999.000
202605080400,   1.099,   1.128,   0.400,  -0.371,   1.128,   0.400,   1.128,   0.500,   1.228
202605080406,   1.061,   1.059,9999.000,9999.000,9999.000,9999.000,9999.000,9999.000,9999.000
202605080412,   1.027,   1.000,9999.000,9999.000,9999.000,9999.000,9999.000,9999.000,9999.000
202605080418,   0.997,   0.951,9999.000,9999.000,9999.000,9999.000,9999.000,9999.000,9999.000
202605080424,   0.971,   0.898,9999.000,9999.000,9999.000,9999.000,9999.000,9999.000,9999.000
202605080430,   0.950,   0.869,9999.000,9999.000,9999.000,9999.000,9999.000,9999.000,9999.000
202605080436,   0.933,   0.849,9999.000,9999.000,9999.000,9999.000,9999.000,9999.000,9999.000
202605080442,   0.921,   0.839,9999.000,9999.000,9999.000,9999.000,9999.000,9999.000,9999.000
202605080448,   0.915,   0.869,9999.000,9999.000,9999.000,9999.000,9999.000,9999.000,9999.000
202605080454,   0.914,   0.918,9999.000,9999.000,9999.000,9999.000,9999.000,9999.000,9999.000
202605080500,   0.920,   1.000,   0.500,  -0.420,   1.000,   0.400,   0.900,   0.500,   1.000
202605080506,   0.934,   1.118,9999.000,9999.000,9999.000,9999.000,9999.000,9999.000,9999.000
202605080512,   0.955,   1.249,9999.000,9999.000,9999.000,9999.000,9999.000,9999.000,9999.000
202605080518,   0.984,   1.400,9999.000,9999.000,9999.000,9999.000,9999.000,9999.000,9999.000
202605080524,   1.023,   1.557,9999.000,9999.000,9999.000,9999.000,9999.000,9999.000,9999.000
202605080530,   1.071,   1.738,9999.000,9999.000,9999.000,9999.000,9999.000,9999.000,9999.000
202605080536,   1.129,   1.928,9999.000,9999.000,9999.000,9999.000,9999.000,9999.000,9999.000
202605080542,   1.198,   2.118,9999.000,9999.000,9999.000,9999.000,9999.000,9999.000,9999.000
202605080548,   1.278,   2.289,9999.000,9999.000,9999.000,9999.000,9999.000,9999.000,9999.000
202605080554,   1.369,   2.469,9999.000,9999.000,9999.000,9999.000,9999.000,9999.000,9999.000
202605080600,   1.471,   2.620,   0.400,   0.749,   2.620,   0.400,   2.620,   0.500,   2.720
202605080606,   1.585,   2.768,9999.000,9999.000,9999.000,9999.000,9999.000,9999.000,9999.000
202605080612,   1.711,   2.919,9999.000,9999.000,9999.000,9999.000,9999.000,9999.000,9999.000
202605080618,   1.847,   3.070,9999.000,9999.000,9999.000,9999.000,9999.000,9999.000,9999.000
202605080624,   1.993,   3.207,9999.000,9999.000,9999.000,9999.000,9999.000,9999.000,9999.000
202605080630,   2.150,   3.339,9999.000,9999.000,9999.000,9999.000,9999.000,9999.000,9999.000
202605080636,   2.315,   3.470,9999.000,9999.000,9999.000,9999.000,9999.000,9999.000,9999.000
202605080642,   2.488,   3.607,9999.000,9999.000,9999.000,9999.000,9999.000,9999.000,9999.000
202605080648,   2.668,   3.729,9999.000,9999.000,9999.000,9999.000,9999.000,9999.000,9999.000
202605080654,   2.853,   3.847,9999.000,9999.000,9999.000,9999.000,9999.000,9999.000,9999.000
202605080700,   3.043,   3.978,   0.400,   0.535,   3.978,   0.400,   3.978,   0.500,   4.078
202605080706,   3.236,   4.109,9999.000,9999.000,9999.000,9999.000,9999.000,9999.000,9999.000
202605080712,   3.429,   4.227,9999.000,9999.000,9999.000,9999.000,9999.000,9999.000,9999.000
202605080718,   3.623,   4.339,9999.000,9999.000,9999.000,9999.000,9999.000,9999.000,9999.000
202605080724,   3.816,   4.457,9999.000,9999.000,9999.000,9999.000,9999.000,9999.000,9999.000
202605080730,   4.005,   4.588,9999.000,9999.000,9999.000,9999.000,9999.000,9999.000,9999.000
202605080736,   4.190,   4.719,9999.000,9999.000,9999.000,9999.000,9999.000,9999.000,9999.000
202605080742,   4.370,   4.828,9999.000,9999.000,9999.000,9999.000,9999.000,9999.000,9999.000
202605080748,   4.544,   4.959,9999.000,9999.000,9999.000,9999.000,9999.000,9999.000,9999.000
202605080754,   4.710,   5.067,9999.000,9999.000,9999.000,9999.000,9999.000,9999.000,9999.000
202605080800,   4.868,   5.179,   0.400,  -0.089,   5.179,   0.400,   5.179,   0.500,   5.279
202605080806,   5.017,   5.287,9999.000,9999.000,9999.000,9999.000,9999.000,9999.000,9999.000
202605080812,   5.157,   5.379,9999.000,9999.000,9999.000,9999.000,9999.000,9999.000,9999.000
202605080818,   5.288,   5.477,9999.000,9999.000,9999.000,9999.000,9999.000,9999.000,9999.000
202605080824,   5.409,   5.579,9999.000,9999.000,9999.000,9999.000,9999.000,9999.000,9999.000
202605080830,   5.521,   5.667,9999.000,9999.000,9999.000,9999.000,9999.000,9999.000,9999.000
202605080836,   5.623,   5.769,9999.000,9999.000,9999.000,9999.000,9999.000,9999.000,9999.000
202605080842,   5.717,   5.858,9999.000,9999.000,9999.000,9999.000,9999.000,9999.000,9999.000
202605080848,   5.803,   5.949,9999.000,9999.000,9999.000,9999.000,9999.000,9999.000,9999.000
202605080854,   5.880,   6.038,9999.000,9999.000,9999.000,9999.000,9999.000,9999.000,9999.000
202605080900,   5.951,   6.127,   0.400,  -0.224,   6.127,   0.400,   6.127,   0.500,   6.227
202605080906,   6.014,   6.209,9999.000,9999.000,9999.000,9999.000,9999.000,9999.000,9999.000
202605080912,   6.072,   6.297,9999.000,9999.000,9999.000,9999.000,9999.000,9999.000,9999.000
202605080918,   6.125,   6.379,9999.000,9999.000,9999.000,9999.000,9999.000,9999.000,9999.000
202605080924,   6.173,   6.458,9999.000,9999.000,9999.000,9999.000,9999.000,9999.000,9999.000
202605080930,   6.216,   6.537,9999.000,9999.000,9999.000,9999.000,9999.000,9999.000,9999.000
202605080936,   6.256,   6.599,9999.000,9999.000,9999.000,9999.000,9999.000,9999.000,9999.000
202605080942,   6.293,   6.648,9999.000,9999.000,9999.000,9999.000,9999.000,9999.000,9999.000
202605080948,   6.326,   6.687,9999.000,9999.000,9999.000,9999.000,9999.000,9999.000,9999.000
202605080954,   6.357,   6.717,9999.000,9999.000,9999.000,9999.000,9999.000,9999.000,9999.000
202605081000,   6.384,   6.746,   0.400,  -0.038,   6.746,   0.400,   6.746,   0.500,   6.846
202605081006,   6.409,   6.779,9999.000,9999.000,9999.000,9999.000,9999.000,9999.000,9999.000
202605081012,   6.430,   6.756,9999.000,9999.000,9999.000,9999.000,9999.000,9999.000,9999.000
202605081018,   6.448,   6.766,9999.000,9999.000,9999.000,9999.000,9999.000,9999.000,9999.000
202605081024,   6.462,   6.746,9999.000,9999.000,9999.000,9999.000,9999.000,9999.000,9999.000
202605081030,   6.472,   6.727,9999.000,9999.000,9999.000,9999.000,9999.000,9999.000,9999.000
202605081036,   6.477,   6.717,9999.000,9999.000,9999.000,9999.000,9999.000,9999.000,9999.000
202605081042,   6.477,   6.668,9999.000,9999.000,9999.000,9999.000,9999.000,9999.000,9999.000
202605081048,   6.472,   6.619,9999.000,9999.000,9999.000,9999.000,9999.000,9999.000,9999.000
202605081054,   6.461,   6.569,9999.000,9999.000,9999.000,9999.000,9999.000,9999.000,9999.000
202605081100,   6.443,   6.507,   0.400,  -0.336,   6.507,   0.400,   6.507,   0.400,   6.507
202605081106,   6.419,   6.428,9999.000,9999.000,9999.000,9999.000,9999.000,9999.000,9999.000
202605081112,   6.388,   6.369,9999.000,9999.000,9999.000,9999.000,9999.000,9999.000,9999.000
202605081118,   6.349,   6.287,9999.000,9999.000,9999.000,9999.000,9999.000,9999.000,9999.000
202605081124,   6.303,   6.218,9999.000,9999.000,9999.000,9999.000,9999.000,9999.000,9999.000
202605081130,   6.250,   6.149,9999.000,9999.000,9999.000,9999.000,9999.000,9999.000,9999.000
202605081136,   6.190,   6.058,9999.000,9999.000,9999.000,9999.000,9999.000,9999.000,9999.000
202605081142,   6.122,   5.959,9999.000,9999.000,9999.000,9999.000,9999.000,9999.000,9999.000
202605081148,   6.048,   5.858,9999.000,9999.000,9999.000,9999.000,9999.000,9999.000,9999.000
202605081154,   5.966,   5.749,9999.000,9999.000,9999.000,9999.000,9999.000,9999.000,9999.000
202605081200,   5.879,   5.628,   0.400,  -0.651,   5.628,   0.400,   5.628,   0.400,   5.628
202605081206,   5.786,   5.507,9999.000,9999.000,9999.000,9999.000,9999.000,9999.000,9999.000
202605081212,   5.687,   5.369,9999.000,9999.000,9999.000,9999.000,9999.000,9999.000,9999.000
202605081218,   5.583,   5.267,9999.000,9999.000,9999.000,9999.000,9999.000,9999.000,9999.000
202605081224,   5.476,   5.159,9999.000,9999.000,9999.000,9999.000,9999.000,9999.000,9999.000
202605081230,   5.364,   5.057,9999.000,9999.000,9999.000,9999.000,9999.000,9999.000,9999.000
202605081236,   5.250,   4.939,9999.000,9999.000,9999.000,9999.000,9999.000,9999.000,9999.000
202605081242,   5.133,   4.837,9999.000,9999.000,9999.000,9999.000,9999.000,9999.000,9999.000
202605081248,   5.013,   4.729,9999.000,9999.000,9999.000,9999.000,9999.000,9999.000,9999.000
202605081254,   4.892,   4.628,9999.000,9999.000,9999.000,9999.000,9999.000,9999.000,9999.000
202605081300,   4.770,   4.509,   0.400,  -0.661,   4.509,   0.300,   4.409,   0.400,   4.509
202605081306,   4.647,   4.418,9999.000,9999.000,9999.000,9999.000,9999.000,9999.000,9999.000
202605081312,   4.523,   4.319,9999.000,9999.000,9999.000,9999.000,9999.000,9999.000,9999.000
202605081318,   4.399,   4.208,9999.000,9999.000,9999.000,9999.000,9999.000,9999.000,9999.000
202605081324,   4.276,   4.109,9999.000,9999.000,9999.000,9999.000,9999.000,9999.000,9999.000
202605081330,   4.152,   4.008,9999.000,9999.000,9999.000,9999.000,9999.000,9999.000,9999.000
202605081336,   4.029,   3.919,9999.000,9999.000,9999.000,9999.000,9999.000,9999.000,9999.000
202605081342,   3.907,   3.827,9999.000,9999.000,9999.000,9999.000,9999.000,9999.000,9999.000
202605081348,   3.786,   3.709,9999.000,9999.000,9999.000,9999.000,9999.000,9999.000,9999.000
202605081354,   3.665,   3.598,9999.000,9999.000,9999.000,9999.000,9999.000,9999.000,9999.000
202605081400,   3.546,   3.519,   0.400,  -0.427,   3.519,   0.300,   3.419,   0.400,   3.519
202605081406,   3.428,   3.407,9999.000,9999.000,9999.000,9999.000,9999.000,9999.000,9999.000
202605081412,   3.311,   3.309,9999.000,9999.000,9999.000,9999.000,9999.000,9999.000,9999.000
202605081418,   3.196,   3.207,9999.000,9999.000,9999.000,9999.000,9999.000,9999.000,9999.000
202605081424,   3.082,   3.099,9999.000,9999.000,9999.000,9999.000,9999.000,9999.000,9999.000
202605081430,   2.970,   2.978,9999.000,9999.000,9999.000,9999.000,9999.000,9999.000,9999.000
202605081436,   2.860,   2.869,9999.000,9999.000,9999.000,9999.000,9999.000,9999.000,9999.000
202605081442,   2.751,   2.768,9999.000,9999.000,9999.000,9999.000,9999.000,9999.000,9999.000
202605081448,   2.646,   2.669,9999.000,9999.000,9999.000,9999.000,9999.000,9999.000,9999.000
202605081454,   2.542,   2.578,9999.000,9999.000,9999.000,9999.000,9999.000,9999.000,9999.000
202605081500,   2.441,   2.479,   0.400,  -0.362,   2.479,   0.300,   2.379,   0.400,   2.479
202605081506,   2.342,   2.348,9999.000,9999.000,9999.000,9999.000,9999.000,9999.000,9999.000
202605081512,   2.247,   2.259,9999.000,9999.000,9999.000,9999.000,9999.000,9999.000,9999.000
202605081518,   2.154,   2.158,9999.000,9999.000,9999.000,9999.000,9999.000,9999.000,9999.000
202605081524,   2.064,   2.069,9999.000,9999.000,9999.000,9999.000,9999.000,9999.000,9999.000
202605081530,   1.976,   1.958,9999.000,9999.000,9999.000,9999.000,9999.000,9999.000,9999.000
202605081536,   1.892,   1.869,9999.000,9999.000,9999.000,9999.000,9999.000,9999.000,9999.000
202605081542,   1.810,   1.781,9999.000,9999.000,9999.000,9999.000,9999.000,9999.000,9999.000
202605081548,   1.732,   1.689,9999.000,9999.000,9999.000,9999.000,9999.000,9999.000,9999.000
202605081554,   1.656,   1.590,9999.000,9999.000,9999.000,9999.000,9999.000,9999.000,9999.000
202605081600,   1.582,   1.498,   0.400,  -0.484,   1.498,   0.300,   1.398,   0.400,   1.498
202605081606,   1.511,   1.410,9999.000,9999.000,9999.000,9999.000,9999.000,9999.000,9999.000
202605081612,   1.443,   1.318,9999.000,9999.000,9999.000,9999.000,9999.000,9999.000,9999.000
202605081618,   1.377,   1.229,9999.000,9999.000,9999.000,9999.000,9999.000,9999.000,9999.000
202605081624,   1.313,   1.161,9999.000,9999.000,9999.000,9999.000,9999.000,9999.000,9999.000
202605081630,   1.252,   1.069,9999.000,9999.000,9999.000,9999.000,9999.000,9999.000,9999.000
202605081636,   1.193,   1.000,9999.000,9999.000,9999.000,9999.000,9999.000,9999.000,9999.000
202605081642,   1.136,   0.928,9999.000,9999.000,9999.000,9999.000,9999.000,9999.000,9999.000
202605081648,   1.082,   0.839,9999.000,9999.000,9999.000,9999.000,9999.000,9999.000,9999.000
202605081654,   1.031,   0.780,9999.000,9999.000,9999.000,9999.000,9999.000,9999.000,9999.000
202605081700,   0.983,   0.708,   0.400,  -0.675,   0.708,   0.300,   0.608,   0.400,   0.708
202605081706,   0.938,   0.659,9999.000,9999.000,9999.000,9999.000,9999.000,9999.000,9999.000
202605081712,   0.898,   0.610,9999.000,9999.000,9999.000,9999.000,9999.000,9999.000,9999.000
202605081718,   0.862,   0.551,9999.000,9999.000,9999.000,9999.000,9999.000,9999.000,9999.000
202605081724,   0.832,   0.508,9999.000,9999.000,9999.000,9999.000,9999.000,9999.000,9999.000
202605081730,   0.807,   0.498,9999.000,9999.000,9999.000,9999.000,9999.000,9999.000,9999.000
202605081736,   0.790,   0.459,9999.000,9999.000,9999.000,9999.000,9999.000,9999.000,9999.000
202605081742,   0.779,   0.459,9999.000,9999.000,9999.000,9999.000,9999.000,9999.000,9999.000
202605081748,   0.776,   0.459,9999.000,9999.000,9999.000,9999.000,9999.000,9999.000,9999.000
202605081754,   0.783,   0.469,9999.000,9999.000,9999.000,9999.000,9999.000,9999.000,9999.000
202605081800,   0.799,   0.551,   0.300,  -0.548,   0.551,   0.300,   0.551,   0.300,   0.551
202605081806,   0.824,   0.619,9999.000,9999.000,9999.000,9999.000,9999.000,9999.000,9999.000
202605081812,   0.861,   0.751,9999.000,9999.000,9999.000,9999.000,9999.000,9999.000,9999.000
202605081818,   0.908,   0.879,9999.000,9999.000,9999.000,9999.000,9999.000,9999.000,9999.000
202605081824,   0.967,   1.049,9999.000,9999.000,9999.000,9999.000,9999.000,9999.000,9999.000
202605081830,   1.037,   1.239,9999.000,9999.000,9999.000,9999.000,9999.000,9999.000,9999.000
202605081836,   1.119,   1.439,9999.000,9999.000,9999.000,9999.000,9999.000,9999.000,9999.000
202605081842,   1.211,   1.630,9999.000,9999.000,9999.000,9999.000,9999.000,9999.000,9999.000
202605081848,   1.315,   1.830,9999.000,9999.000,9999.000,9999.000,9999.000,9999.000,9999.000
202605081854,   1.429,   2.020,9999.000,9999.000,9999.000,9999.000,9999.000,9999.000,9999.000
202605081900,   1.553,   2.220,   0.300,   0.367,   2.220,   0.300,   2.220,   0.300,   2.220
202605081906,   1.686,   2.400,9999.000,9999.000,9999.000,9999.000,9999.000,9999.000,9999.000
202605081912,   1.827,   2.578,9999.000,9999.000,9999.000,9999.000,9999.000,9999.000,9999.000
202605081918,   1.974,   2.768,9999.000,9999.000,9999.000,9999.000,9999.000,9999.000,9999.000
202605081924,   2.128,   2.919,9999.000,9999.000,9999.000,9999.000,9999.000,9999.000,9999.000
202605081930,   2.285,   3.070,9999.000,9999.000,9999.000,9999.000,9999.000,9999.000,9999.000
202605081936,   2.446,   3.230,9999.000,9999.000,9999.000,9999.000,9999.000,9999.000,9999.000
202605081942,   2.609,   3.368,9999.000,9999.000,9999.000,9999.000,9999.000,9999.000,9999.000
202605081948,   2.772,   3.529,9999.000,9999.000,9999.000,9999.000,9999.000,9999.000,9999.000
202605081954,   2.934,   3.670,9999.000,9999.000,9999.000,9999.000,9999.000,9999.000,9999.000
202605082000,   3.094,   3.788,   0.300,   0.394,   3.788,   0.300,   3.788,   0.400,   3.888
202605082006,   3.250,   3.929,9999.000,9999.000,9999.000,9999.000,9999.000,9999.000,9999.000
202605082012,   3.403,   4.070,9999.000,9999.000,9999.000,9999.000,9999.000,9999.000,9999.000
202605082018,   3.550,   4.208,9999.000,9999.000,9999.000,9999.000,9999.000,9999.000,9999.000
202605082024,   3.691,   4.309,9999.000,9999.000,9999.000,9999.000,9999.000,9999.000,9999.000
202605082030,   3.826,   4.418,9999.000,9999.000,9999.000,9999.000,9999.000,9999.000,9999.000
202605082036,   3.954,   4.529,9999.000,9999.000,9999.000,9999.000,9999.000,9999.000,9999.000
202605082042,   4.074,   4.667,9999.000,9999.000,9999.000,9999.000,9999.000,9999.000,9999.000
202605082048,   4.187,   4.788,9999.000,9999.000,9999.000,9999.000,9999.000,9999.000,9999.000
202605082054,   4.293,   4.900,9999.000,9999.000,9999.000,9999.000,9999.000,9999.000,9999.000
202605082100,   4.392,   4.998,   0.300,   0.306,   4.998,   0.300,   4.998,   0.400,   5.098
202605082106,   4.485,   5.057,9999.000,9999.000,9999.000,9999.000,9999.000,9999.000,9999.000
202605082112,   4.571,   5.198,9999.000,9999.000,9999.000,9999.000,9999.000,9999.000,9999.000
202605082118,   4.651,   5.287,9999.000,9999.000,9999.000,9999.000,9999.000,9999.000,9999.000
202605082124,   4.725,   5.379,9999.000,9999.000,9999.000,9999.000,9999.000,9999.000,9999.000
202605082130,   4.796,   5.457,9999.000,9999.000,9999.000,9999.000,9999.000,9999.000,9999.000
202605082136,   4.862,   5.549,9999.000,9999.000,9999.000,9999.000,9999.000,9999.000,9999.000
202605082142,   4.924,   5.628,9999.000,9999.000,9999.000,9999.000,9999.000,9999.000,9999.000
202605082148,   4.984,   5.697,9999.000,9999.000,9999.000,9999.000,9999.000,9999.000,9999.000
202605082154,   5.041,   5.759,9999.000,9999.000,9999.000,9999.000,9999.000,9999.000,9999.000
202605082200,   5.096,   5.838,   0.400,   0.342,   5.838,   0.300,   5.738,   0.400,   5.838
202605082206,   5.149,   5.926,9999.000,9999.000,9999.000,9999.000,9999.000,9999.000,9999.000
202605082212,   5.200,   5.999,9999.000,9999.000,9999.000,9999.000,9999.000,9999.000,9999.000
202605082218,   5.250,   6.067,9999.000,9999.000,9999.000,9999.000,9999.000,9999.000,9999.000
202605082224,   5.298,   6.149,9999.000,9999.000,9999.000,9999.000,9999.000,9999.000,9999.000
202605082230,   5.344,   6.218,9999.000,9999.000,9999.000,9999.000,9999.000,9999.000,9999.000
202605082236,   5.388,   6.277,9999.000,9999.000,9999.000,9999.000,9999.000,9999.000,9999.000
202605082242,   5.430,   6.317,9999.000,9999.000,9999.000,9999.000,9999.000,9999.000,9999.000
202605082248,   5.468,   6.359,9999.000,9999.000,9999.000,9999.000,9999.000,9999.000,9999.000
202605082254,   5.503,   6.389,9999.000,9999.000,9999.000,9999.000,9999.000,9999.000,9999.000
202605082300,   5.535,   6.389,   0.400,   0.454,   6.389,   0.300,   6.289,   0.400,   6.389
202605082306,   5.561,   6.389,9999.000,9999.000,9999.000,9999.000,9999.000,9999.000,9999.000
202605082312,   5.583,   6.369,9999.000,9999.000,9999.000,9999.000,9999.000,9999.000,9999.000
202605082318,   5.598,   6.346,9999.000,9999.000,9999.000,9999.000,9999.000,9999.000,9999.000
202605082324,   5.608,   6.307,9999.000,9999.000,9999.000,9999.000,9999.000,9999.000,9999.000
202605082330,   5.611,   6.258,9999.000,9999.000,9999.000,9999.000,9999.000,9999.000,9999.000
202605082336,   5.606,   6.228,9999.000,9999.000,9999.000,9999.000,9999.000,9999.000,9999.000
202605082342,   5.594,   6.169,9999.000,9999.000,9999.000,9999.000,9999.000,9999.000,9999.000
202605082348,   5.575,   6.117,9999.000,9999.000,9999.000,9999.000,9999.000,9999.000,9999.000
202605082354,   5.547,   6.048,9999.000,9999.000,9999.000,9999.000,9999.000,9999.000,9999.000
202605090000,   5.512,   5.979,   0.400,   0.067,   5.979,   0.300,   5.879,   0.400,   5.979
202605090006,   5.469,   5.907,9999.000,9999.000,9999.000,9999.000,9999.000,9999.000,9999.000
202605090012,   5.417,   5.828,9999.000,9999.000,9999.000,9999.000,9999.000,9999.000,9999.000
202605090018,   5.359,   5.739,9999.000,9999.000,9999.000,9999.000,9999.000,9999.000,9999.000
202605090024,   5.293,   5.638,9999.000,9999.000,9999.000,9999.000,9999.000,9999.000,9999.000
202605090030,   5.220,   5.549,9999.000,9999.000,9999.000,9999.000,9999.000,9999.000,9999.000
202605090036,   5.141,   5.448,9999.000,9999.000,9999.000,9999.000,9999.000,9999.000,9999.000
202605090042,   5.055,   5.349,9999.000,9999.000,9999.000,9999.000,9999.000,9999.000,9999.000
202605090048,   4.965,   5.247,9999.000,9999.000,9999.000,9999.000,9999.000,9999.000,9999.000
